1773006830349 1.87812 0
1773006989035 1.49815 1
1773007009950 1.57052 2
1773007030582 1.69339 3
1773007051383 1.65752 4
1773007072228 1.6491 5
1773007094838 1.69611 6
1773007118069 1.5692 7
1773007140226 1.54858 8
1773007161730 1.56294 9
1773007184312 1.52819 10
1773007207719 1.51316 11
1773007229507 1.56194 12
1773007252904 1.4913 13
1773007276334 1.52807 14
1773007299634 1.42861 15
1773007320884 1.44621 16
1773007344032 1.43461 17
1773007366765 1.45444 18
1773007389363 1.38639 19
1773007412356 1.4513 20
1773007435723 1.40178 21
1773007459192 1.3594 22
1773007482389 1.37659 23
1773007505381 1.35784 24
1773007529039 1.32915 25
1773007550437 1.36649 26
1773007572130 1.35674 27
1773007594937 1.34134 28
1773007618002 1.40311 29
1773007640608 1.3561 30
1773007662764 1.34685 31
1773007686247 1.31656 32
1773007709819 1.35986 33
1773007732791 1.31633 34
1773007755567 1.31159 35
1773007779263 1.29008 36
1773007802936 1.30402 37
1773007826732 1.27376 38
1773007850719 1.23489 39
1773007874045 1.26118 40
1773007898362 1.20661 41
1773007922917 1.27799 42
1773007947371 1.20199 43
1773007971134 1.28149 44
1773007995700 1.25856 45
1773008020107 1.23571 46
1773008044741 1.19834 47
1773008068970 1.30425 48
1773008091599 1.22287 49
1773008114281 1.18751 50
1773008137516 1.25543 51
1773008160349 1.22447 52
1773008183301 1.16824 53
1773008206267 1.23549 54
1773008229228 1.24495 55
1773008252122 1.20633 56
1773008275104 1.1817 57
1773008298171 1.2091 58
1773008321245 1.17084 59
1773008344229 1.24952 60
1773008367304 1.14374 61
1773008390270 1.21348 62
1773008413030 1.16731 63
1773008435935 1.15059 64
1773008458920 1.1663 65
1773008481735 1.18663 66
1773008504914 1.16019 67
1773008528084 1.17046 68
1773008551126 1.12148 69
1773008573951 1.14522 70
1773008596995 1.14751 71
1773008620215 1.15044 72
1773008643456 1.15637 73
1773008666489 1.12387 74
1773008689713 1.10369 75
1773008712752 1.10512 76
1773008735714 1.09165 77
1773008758863 1.10413 78
1773008782162 1.10509 79
1773008805309 1.10769 80
1773008828343 1.03846 81
1773008851373 1.09755 82
1773008874453 1.09608 83
1773008897546 1.07554 84
1773008920542 1.07342 85
1773008942699 1.07394 86
1773008964582 1.06536 87
1773008987541 1.05359 88
1773009010589 1.03015 89
1773009043377 0.95059 90
1773009066007 0.96992 91
1773009087474 0.95528 92
1773009110124 0.91663 93
1773009132669 0.89966 94
1773009155366 0.91822 95
1773009178111 0.91929 96
1773009200331 0.90002 97
1773009221258 0.90158 98
1773009243786 0.85256 99
