1773006830349 3.12683 0
1773006989035 2.01487 1
1773007009950 2.06567 2
1773007030582 2.0045 3
1773007051383 2.48802 4
1773007072228 1.86958 5
1773007094838 1.94139 6
1773007118069 1.72379 7
1773007140226 1.65435 8
1773007161730 1.72065 9
1773007184312 1.55947 10
1773007207719 1.57643 11
1773007229507 1.63592 12
1773007252904 1.5987 13
1773007276334 1.51282 14
1773007299634 1.42976 15
1773007320884 1.38456 16
1773007344032 1.4052 17
1773007366765 1.38879 18
1773007389363 1.37648 19
1773007412356 1.41295 20
1773007435723 1.36945 21
1773007459192 1.32406 22
1773007482389 1.3338 23
1773007505381 1.31563 24
1773007529039 1.31877 25
1773007550437 1.29017 26
1773007572130 1.2785 27
1773007594937 1.23499 28
1773007618002 1.29107 29
1773007640608 1.27184 30
1773007662764 1.23833 31
1773007686247 1.28661 32
1773007709819 1.26896 33
1773007732791 1.30452 34
1773007755567 1.24494 35
1773007779263 1.19282 36
1773007802936 1.2029 37
1773007826732 1.20243 38
1773007850719 1.17606 39
1773007874045 1.15474 40
1773007898362 1.07281 41
1773007922917 1.20407 42
1773007947371 1.09864 43
1773007971134 1.16583 44
1773007995700 1.15587 45
1773008020107 1.06561 46
1773008044741 1.0915 47
1773008068970 1.17987 48
1773008091599 1.13917 49
1773008114281 1.08202 50
1773008137516 1.07525 51
1773008160349 1.04477 52
1773008183301 1.04244 53
1773008206267 1.07578 54
1773008229228 1.07986 55
1773008252122 1.04273 56
1773008275104 1.10363 57
1773008298171 1.02428 58
1773008321245 1.01465 59
1773008344229 1.03189 60
1773008367304 0.98376 61
1773008390270 1.02302 62
1773008413030 1.01051 63
1773008435935 1.00159 64
1773008458920 0.99076 65
1773008481735 1.04108 66
1773008504914 0.98331 67
1773008528084 1.0119 68
1773008551126 0.96907 69
1773008573951 0.95605 70
1773008596995 0.92463 71
1773008620215 0.94422 72
1773008643456 0.94702 73
1773008666489 0.94419 74
1773008689713 0.9124 75
1773008712752 0.88979 76
1773008735714 0.89473 77
1773008758863 0.82898 78
1773008782162 0.9026 79
1773008805309 0.88942 80
1773008828343 0.84136 81
1773008851373 0.87614 82
1773008874453 0.8741 83
1773008897546 0.91861 84
1773008920542 0.89486 85
1773008942699 0.87173 86
1773008964582 0.86518 87
1773008987541 0.87912 88
1773009010589 0.80067 89
1773009043377 0.66328 90
1773009066007 0.65105 91
1773009087474 0.60361 92
1773009110124 0.60524 93
1773009132669 0.60109 94
1773009155366 0.59534 95
1773009178111 0.54083 96
1773009200331 0.56675 97
1773009221258 0.579 98
1773009243786 0.54308 99
