1773006830349 2.39426 0
1773006989035 1.9428 1
1773007009950 1.94302 2
1773007030582 2.01003 3
1773007051383 2.07464 4
1773007072228 2.01296 5
1773007094838 2.08993 6
1773007118069 1.96087 7
1773007140226 1.9039 8
1773007161730 1.92494 9
1773007184312 1.86467 10
1773007207719 1.86731 11
1773007229507 1.89735 12
1773007252904 1.83886 13
1773007276334 1.86401 14
1773007299634 1.78674 15
1773007320884 1.78631 16
1773007344032 1.76269 17
1773007366765 1.76202 18
1773007389363 1.73848 19
1773007412356 1.7875 20
1773007435723 1.75324 21
1773007459192 1.69915 22
1773007482389 1.7295 23
1773007505381 1.72934 24
1773007529039 1.71118 25
1773007550437 1.72702 26
1773007572130 1.70232 27
1773007594937 1.6861 28
1773007618002 1.74672 29
1773007640608 1.75052 30
1773007662764 1.67448 31
1773007686247 1.68427 32
1773007709819 1.70768 33
1773007732791 1.69949 34
1773007755567 1.70268 35
1773007779263 1.65757 36
1773007802936 1.68085 37
1773007826732 1.63256 38
1773007850719 1.62333 39
1773007874045 1.62414 40
1773007898362 1.58257 41
1773007922917 1.65638 42
1773007947371 1.60549 43
1773007971134 1.65289 44
1773007995700 1.63185 45
1773008020107 1.61427 46
1773008044741 1.60071 47
1773008068970 1.68975 48
1773008091599 1.62855 49
1773008114281 1.57851 50
1773008137516 1.61183 51
1773008160349 1.6143 52
1773008183301 1.58029 53
1773008206267 1.60922 54
1773008229228 1.59589 55
1773008252122 1.58694 56
1773008275104 1.57276 57
1773008298171 1.58777 58
1773008321245 1.5614 59
1773008344229 1.63163 60
1773008367304 1.52448 61
1773008390270 1.57702 62
1773008413030 1.59353 63
1773008435935 1.53969 64
1773008458920 1.53474 65
1773008481735 1.57663 66
1773008504914 1.58404 67
1773008528084 1.56162 68
1773008551126 1.51747 69
1773008573951 1.53435 70
1773008596995 1.53598 71
1773008620215 1.53668 72
1773008643456 1.5282 73
1773008666489 1.53983 74
1773008689713 1.52153 75
1773008712752 1.50231 76
1773008735714 1.49157 77
1773008758863 1.50396 78
1773008782162 1.52552 79
1773008805309 1.51882 80
1773008828343 1.46394 81
1773008851373 1.50241 82
1773008874453 1.51467 83
1773008897546 1.48485 84
1773008920542 1.49909 85
1773008942699 1.49266 86
1773008964582 1.4971 87
1773008987541 1.48399 88
1773009010589 1.44512 89
1773009043377 1.47914 90
1773009066007 1.45738 91
1773009087474 1.47716 92
1773009110124 1.4223 93
1773009132669 1.44171 94
1773009155366 1.43146 95
1773009178111 1.4075 96
1773009200331 1.42248 97
1773009221258 1.41499 98
1773009243786 1.37338 99
