1773006849458 0.24195 0
1773006993086 0.02679 1
1773007013873 0.0 2
1773007034440 0.02857 3
1773007055035 0.02831 4
1773007076403 0.0 5
1773007099263 0.06139 6
1773007122290 0.07863 7
1773007144402 0.06113 8
1773007165719 0.16778 9
1773007188716 0.32475 10
1773007212253 0.45069 11
1773007234033 0.50151 12
1773007257410 0.69621 13
1773007280719 0.54978 14
1773007303622 0.54696 15
1773007325074 0.6553 16
1773007348436 0.70634 17
1773007370741 0.57226 18
1773007393947 0.70106 19
1773007416644 0.67792 20
1773007440155 0.56771 21
1773007463736 0.69356 22
1773007486434 0.64163 23
1773007510004 0.77347 24
1773007533277 0.77615 25
1773007554772 0.77301 26
1773007576076 0.62267 27
1773007599193 0.56853 28
1773007622396 0.78836 29
1773007645054 0.78439 30
1773007667107 0.76226 31
1773007690620 0.78622 32
1773007714115 0.78426 33
1773007736892 0.80363 34
1773007760098 0.81791 35
1773007783561 0.82402 36
1773007807351 0.65524 37
1773007831151 0.81383 38
1773007854801 0.81643 39
1773007878584 0.86464 40
1773007903269 0.81715 41
1773007927861 0.74913 42
1773007952282 0.80731 43
1773007976012 0.82898 44
1773008000589 0.85172 45
1773008024979 0.82166 46
1773008049693 0.84304 47
1773008072933 0.80282 48
1773008095577 0.78046 49
1773008118677 0.84749 50
1773008141531 0.86217 51
1773008164374 0.85006 52
1773008187286 0.82959 53
1773008210303 0.81941 54
1773008233224 0.83046 55
1773008256121 0.83197 56
1773008279193 0.79068 57
1773008302226 0.85238 58
1773008325303 0.84712 59
1773008348460 0.85769 60
1773008371298 0.87103 61
1773008394297 0.84303 62
1773008417140 0.86281 63
1773008439970 0.87173 64
1773008462931 0.83469 65
1773008485891 0.86907 66
1773008509145 0.89368 67
1773008532137 0.90455 68
1773008555136 0.88156 69
1773008577982 0.89575 70
1773008601031 0.85875 71
1773008624276 0.8656 72
1773008647518 0.8604 73
1773008670521 0.86575 74
1773008693768 0.86846 75
1773008716757 0.85803 76
1773008739743 0.85539 77
1773008762930 0.84666 78
1773008786200 0.85408 79
1773008809331 0.86033 80
1773008832379 0.87137 81
1773008855412 0.85953 82
1773008878516 0.82458 83
1773008901546 0.84233 84
1773008924486 0.87277 85
1773008946715 0.87374 86
1773008968604 0.85113 87
1773008991578 0.84308 88
1773009014630 0.85633 89
1773009047376 0.8535 90
1773009069941 0.86979 91
1773009091424 0.8776 92
1773009114049 0.86631 93
1773009136642 0.85889 94
1773009159527 0.86174 95
1773009182075 0.86494 96
1773009204072 0.85879 97
1773009225181 0.86024 98
1773009247740 0.85546 99
1773009253034 0.8614389010297961 99
