1773006849458 0.1325 0
1773006993086 0.00967 1
1773007013873 0.0 2
1773007034440 0.0068 3
1773007055035 0.00478 4
1773007076403 0.0 5
1773007099263 0.01744 6
1773007122290 0.01732 7
1773007144402 0.01925 8
1773007165719 0.05974 9
1773007188716 0.16542 10
1773007212253 0.23965 11
1773007234033 0.24932 12
1773007257410 0.32285 13
1773007280719 0.25924 14
1773007303622 0.28224 15
1773007325074 0.31287 16
1773007348436 0.36292 17
1773007370741 0.26623 18
1773007393947 0.38677 19
1773007416644 0.3316 20
1773007440155 0.286 21
1773007463736 0.40688 22
1773007486434 0.3607 23
1773007510004 0.42395 24
1773007533277 0.41546 25
1773007554772 0.43718 26
1773007576076 0.32646 27
1773007599193 0.32257 28
1773007622396 0.37296 29
1773007645054 0.33765 30
1773007667107 0.40249 31
1773007690620 0.43117 32
1773007714115 0.38574 33
1773007736892 0.43042 34
1773007760098 0.47899 35
1773007783561 0.42145 36
1773007807351 0.24536 37
1773007831151 0.42673 38
1773007854801 0.46507 39
1773007878584 0.4992 40
1773007903269 0.43899 41
1773007927861 0.42113 42
1773007952282 0.45096 43
1773007976012 0.44524 44
1773008000589 0.44919 45
1773008024979 0.41993 46
1773008049693 0.4819 47
1773008072933 0.44381 48
1773008095577 0.45767 49
1773008118677 0.51376 50
1773008141531 0.50194 51
1773008164374 0.49487 52
1773008187286 0.46499 53
1773008210303 0.44787 54
1773008233224 0.44924 55
1773008256121 0.48908 56
1773008279193 0.47092 57
1773008302226 0.47955 58
1773008325303 0.51021 59
1773008348460 0.51765 60
1773008371298 0.5102 61
1773008394297 0.50029 62
1773008417140 0.50202 63
1773008439970 0.51531 64
1773008462931 0.48205 65
1773008485891 0.51771 66
1773008509145 0.52786 67
1773008532137 0.52075 68
1773008555136 0.48104 69
1773008577982 0.49908 70
1773008601031 0.48594 71
1773008624276 0.50051 72
1773008647518 0.50759 73
1773008670521 0.50339 74
1773008693768 0.50658 75
1773008716757 0.5106 76
1773008739743 0.51868 77
1773008762930 0.49895 78
1773008786200 0.48742 79
1773008809331 0.48245 80
1773008832379 0.48905 81
1773008855412 0.49167 82
1773008878516 0.49102 83
1773008901546 0.50966 84
1773008924486 0.51857 85
1773008946715 0.52431 86
1773008968604 0.50977 87
1773008991578 0.50316 88
1773009014630 0.50793 89
1773009047376 0.51103 90
1773009069941 0.50697 91
1773009091424 0.52503 92
1773009114049 0.51203 93
1773009136642 0.52125 94
1773009159527 0.53425 95
1773009182075 0.52967 96
1773009204072 0.51813 97
1773009225181 0.51804 98
1773009247740 0.5273 99
1773009253034 0.5326818846830677 99
