1773006849458 0.23636 0
1773006993086 0.05085 1
1773007013873 0.0 2
1773007034440 0.04009 3
1773007055035 0.12281 4
1773007076403 0.0 5
1773007099263 0.16535 6
1773007122290 0.17483 7
1773007144402 0.08929 8
1773007165719 0.26578 9
1773007188716 0.66709 10
1773007212253 0.55424 11
1773007234033 0.69324 12
1773007257410 0.72426 13
1773007280719 0.67695 14
1773007303622 0.55839 15
1773007325074 0.62591 16
1773007348436 0.69953 17
1773007370741 0.57895 18
1773007393947 0.65343 19
1773007416644 0.66815 20
1773007440155 0.52443 21
1773007463736 0.71957 22
1773007486434 0.6201 23
1773007510004 0.78663 24
1773007533277 0.78341 25
1773007554772 0.73429 26
1773007576076 0.74665 27
1773007599193 0.75912 28
1773007622396 0.78811 29
1773007645054 0.77521 30
1773007667107 0.72646 31
1773007690620 0.74811 32
1773007714115 0.72245 33
1773007736892 0.81396 34
1773007760098 0.75122 35
1773007783561 0.87671 36
1773007807351 0.75664 37
1773007831151 0.88892 38
1773007854801 0.81371 39
1773007878584 0.82922 40
1773007903269 0.72033 41
1773007927861 0.72707 42
1773007952282 0.7842 43
1773007976012 0.82022 44
1773008000589 0.76363 45
1773008024979 0.79865 46
1773008049693 0.78929 47
1773008072933 0.7935 48
1773008095577 0.7739 49
1773008118677 0.83408 50
1773008141531 0.82474 51
1773008164374 0.75573 52
1773008187286 0.7771 53
1773008210303 0.87535 54
1773008233224 0.74059 55
1773008256121 0.80638 56
1773008279193 0.73383 57
1773008302226 0.85746 58
1773008325303 0.85771 59
1773008348460 0.8237 60
1773008371298 0.8418 61
1773008394297 0.85723 62
1773008417140 0.83086 63
1773008439970 0.8255 64
1773008462931 0.80595 65
1773008485891 0.89781 66
1773008509145 0.86082 67
1773008532137 0.89758 68
1773008555136 0.8777 69
1773008577982 0.85374 70
1773008601031 0.90211 71
1773008624276 0.82427 72
1773008647518 0.78234 73
1773008670521 0.75851 74
1773008693768 0.84429 75
1773008716757 0.81887 76
1773008739743 0.84034 77
1773008762930 0.78723 78
1773008786200 0.81187 79
1773008809331 0.84674 80
1773008832379 0.80847 81
1773008855412 0.73506 82
1773008878516 0.74711 83
1773008901546 0.77291 84
1773008924486 0.81933 85
1773008946715 0.81733 86
1773008968604 0.83881 87
1773008991578 0.84231 88
1773009014630 0.8547 89
1773009047376 0.8508 90
1773009069941 0.86609 91
1773009091424 0.83726 92
1773009114049 0.79684 93
1773009136642 0.83473 94
1773009159527 0.83045 95
1773009182075 0.84578 96
1773009204072 0.83957 97
1773009225181 0.83895 98
1773009247740 0.82927 99
1773009253034 0.8297351729416947 99
