1773006849458 0.36449 0
1773006993086 0.02804 1
1773007013873 0.0 2
1773007034440 0.15888 3
1773007055035 0.06542 4
1773007076403 0.0 5
1773007099263 0.13084 6
1773007122290 0.14953 7
1773007144402 0.26168 8
1773007165719 0.25234 9
1773007188716 0.2243 10
1773007212253 0.38348 11
1773007234033 0.38318 12
1773007257410 0.6729 13
1773007280719 0.47004 14
1773007303622 0.54206 15
1773007325074 0.56296 16
1773007348436 0.71028 17
1773007370741 0.62969 18
1773007393947 0.72897 19
1773007416644 0.75701 20
1773007440155 0.59813 21
1773007463736 0.57944 22
1773007486434 0.62617 23
1773007510004 0.6729 24
1773007533277 0.70988 25
1773007554772 0.82648 26
1773007576076 0.51402 27
1773007599193 0.46729 28
1773007622396 0.66049 29
1773007645054 0.70908 30
1773007667107 0.71963 31
1773007690620 0.74945 32
1773007714115 0.79439 33
1773007736892 0.70093 34
1773007760098 0.76197 35
1773007783561 0.71963 36
1773007807351 0.56075 37
1773007831151 0.7479 38
1773007854801 0.7757 39
1773007878584 0.82243 40
1773007903269 0.76636 41
1773007927861 0.72203 42
1773007952282 0.78115 43
1773007976012 0.70093 44
1773008000589 0.83178 45
1773008024979 0.75701 46
1773008049693 0.79439 47
1773008072933 0.72897 48
1773008095577 0.7757 49
1773008118677 0.79872 50
1773008141531 0.75701 51
1773008164374 0.8096 52
1773008187286 0.81456 53
1773008210303 0.68224 54
1773008233224 0.83178 55
1773008256121 0.76636 56
1773008279193 0.79877 57
1773008302226 0.78711 58
1773008325303 0.7757 59
1773008348460 0.82964 60
1773008371298 0.82243 61
1773008394297 0.74766 62
1773008417140 0.7757 63
1773008439970 0.80374 64
1773008462931 0.7763 65
1773008485891 0.7757 66
1773008509145 0.83178 67
1773008532137 0.81908 68
1773008555136 0.80374 69
1773008577982 0.8183 70
1773008601031 0.7757 71
1773008624276 0.82243 72
1773008647518 0.82243 73
1773008670521 0.88066 74
1773008693768 0.81083 75
1773008716757 0.81308 76
1773008739743 0.78505 77
1773008762930 0.81308 78
1773008786200 0.80662 79
1773008809331 0.78505 80
1773008832379 0.79439 81
1773008855412 0.86916 82
1773008878516 0.73832 83
1773008901546 0.76344 84
1773008924486 0.82243 85
1773008946715 0.84112 86
1773008968604 0.80374 87
1773008991578 0.79873 88
1773009014630 0.82243 89
1773009047376 0.82243 90
1773009069941 0.78579 91
1773009091424 0.81744 92
1773009114049 0.80646 93
1773009136642 0.80246 94
1773009159527 0.81308 95
1773009182075 0.82009 96
1773009204072 0.82243 97
1773009225181 0.80374 98
1773009247740 0.79439 99
1773009253034 0.8130841121495327 99
