1773006830349 0.00058 0
1773006989035 0.001168318 1
1773007009950 0.001744756 2
1773007030582 0.0019406 3
1773007051383 0.0019207999999999999 4
1773007072228 0.0019010000000000001 5
1773007094838 0.0018812 6
1773007118069 0.0018614 7
1773007140226 0.0018416 8
1773007161730 0.0018218000000000002 9
1773007184312 0.001802 10
1773007207719 0.0017822 11
1773007229507 0.0017624 12
1773007252904 0.0017426 13
1773007276334 0.0017228 14
1773007299634 0.001703 15
1773007320884 0.0016832000000000001 16
1773007344032 0.0016634 17
1773007366765 0.0016436000000000003 18
1773007389363 0.0016238000000000001 19
1773007412356 0.0016040000000000002 20
1773007435723 0.0015842 21
1773007459192 0.0015644 22
1773007482389 0.0015446 23
1773007505381 0.0015248 24
1773007529039 0.0015049999999999998 25
1773007550437 0.0014852 26
1773007572130 0.0014654000000000002 27
1773007594937 0.0014456 28
1773007618002 0.0014258 29
1773007640608 0.001406 30
1773007662764 0.0013862 31
1773007686247 0.0013663999999999998 32
1773007709819 0.0013465999999999999 33
1773007732791 0.0013267999999999997 34
1773007755567 0.001307 35
1773007779263 0.0012872 36
1773007802936 0.0012674000000000001 37
1773007826732 0.0012476 38
1773007850719 0.0012278 39
1773007874045 0.001208 40
1773007898362 0.0011882000000000002 41
1773007922917 0.0011684000000000002 42
1773007947371 0.0011486 43
1773007971134 0.0011288000000000001 44
1773007995700 0.001109 45
1773008020107 0.0010892000000000002 46
1773008044741 0.0010694 47
1773008068970 0.0010496000000000001 48
1773008091599 0.0010298 49
1773008114281 0.00101 50
1773008137516 0.0009901999999999999 51
1773008160349 0.0009704 52
1773008183301 0.0009506 53
1773008206267 0.0009308 54
1773008229228 0.0009109999999999999 55
1773008252122 0.0008911999999999999 56
1773008275104 0.0008714 57
1773008298171 0.0008516000000000001 58
1773008321245 0.0008318000000000002 59
1773008344229 0.0008120000000000001 60
1773008367304 0.0007922000000000001 61
1773008390270 0.0007724 62
1773008413030 0.0007526000000000001 63
1773008435935 0.0007328 64
1773008458920 0.000713 65
1773008481735 0.0006931999999999999 66
1773008504914 0.0006733999999999999 67
1773008528084 0.0006536 68
1773008551126 0.0006338000000000001 69
1773008573951 0.0006140000000000001 70
1773008596995 0.0005942 71
1773008620215 0.0005744000000000001 72
1773008643456 0.0005546000000000001 73
1773008666489 0.0005348000000000001 74
1773008689713 0.000515 75
1773008712752 0.0004952 76
1773008735714 0.0004754 77
1773008758863 0.00045559999999999996 78
1773008782162 0.00043579999999999997 79
1773008805309 0.0004159999999999999 80
1773008828343 0.00039619999999999987 81
1773008851373 0.00037640000000000015 82
1773008874453 0.0003566000000000001 83
1773008897546 0.0003368000000000001 84
1773008920542 0.00031700000000000006 85
1773008942699 0.0002972 86
1773008964582 0.0002774 87
1773008987541 0.00025760000000000003 88
1773009010589 0.00023779999999999995 89
1773009043377 0.00021799999999999996 90
1773009066007 0.00019819999999999994 91
1773009087474 0.00017839999999999992 92
1773009110124 0.00015859999999999987 93
1773009132669 0.0001388000000000001 94
1773009155366 0.0001190000000000001 95
1773009178111 9.920000000000008e-05 96
1773009200331 7.940000000000006e-05 97
1773009221258 5.9600000000000046e-05 98
1773009243786 3.980000000000002e-05 99
